4294967278,37
4294967278,36
4294967278,35
4294967278,34
4294967278,33
4294967278,32
4294967278,31
4294967278,30
4294967278,29
4294967278,28
4294967278,27
4294967278,26
4294967278,25
4294967278,24
4294967278,23
4294967278,22
4294967278,21
4294967278,20
4294967278,19
4294967278,18
4294967278,17
4294967278,16
4294967278,15
4294967279,22
4294967279,21
4294967279,20
4294967279,19
4294967279,18
4294967279,17
4294967279,16
4294967279,14
4294967279,13
4294967279,12
4294967294,30
4294967294,43
4294967294,51
4294967294,50
4294967294,12
4294967294,88
4294967294,969
4294967294,11
4294967294,81
4294967294,68
4294967294,5
4294967279,284
4294967278,132
4294967278,131
4294967278,130
4294967278,129
4294967278,128
4294967278,127
4294967278,126
4294967278,125
4294967278,124
4294967278,123
4294967278,122
4294967278,121
4294967278,120
4294967278,119
4294967278,118
4294967278,117
4294967278,116
4294967278,115
4294967278,114
4294967278,113
4294967278,112
4294967278,111
4294967278,110
4294967278,109
4294967278,108
4294967278,107
4294967278,106
4294967278,105
4294967278,104
4294967278,103
4294967278,102
4294967278,101
4294967278,100
4294967278,99
4294967278,98
4294967278,97
4294967278,96
4294967278,95
4294967278,94
4294967278,93
4294967278,92
4294967278,91
4294967278,90
4294967278,89
4294967278,87
4294967278,86
4294967278,85
4294967278,84
4294967278,83
4294967278,82
4294967278,81
4294967278,80
4294967278,79
4294967278,78
4294967278,308
4294967278,77
4294967278,76
4294967278,75
4294967278,74
4294967278,73
4294967278,72
4294967278,71
4294967278,70
4294967278,69
4294967278,68
4294967278,67
4294967278,66
4294967278,65
4294967278,64
4294967278,304
4294967278,63
4294967278,62
4294967278,174
4294967278,88
4294967278,260
4294967278,303
4294967278,61
4294967278,60
4294967278,59
4294967278,58
4294967278,57
4294967278,56
4294967278,55
4294967278,54
4294967278,53
4294967278,52
4294967278,51
4294967278,50
4294967278,49
4294967278,48
4294967278,47
4294967278,46
4294967278,45
4294967278,44
4294967278,43
4294967278,42
4294967278,41
4294967278,40
4294967278,39
4294967278,38
4294967279,299
4294967279,297
4294967279,296
4294967279,31
4294967279,30
4294967279,29
4294967279,28
4294967279,27
4294967279,26
4294967279,25
4294967279,24
4294967279,23
4294967279,15
4294967279,8
4294967279,6
4294967279,5
4294967279,4
4294967278,287
4294967279,277
4294967278,269
4294967279,544
4294967279,276
4294967294,436
4294967279,11
4294967279,282
4294967278,357
4294967279,10
4294967278,356
4294967279,9
4294967278,264
4294967279,257
4294967278,285
4294967279,7
4294967279,256
4294967279,543
31,5
31,4
31,3
31,2
31,1
4294967278,355
4294967278,354
4294967279,542
4294967279,541
4294967279,540
4294967278,353
4294967279,251
4294967278,352
4294967279,250
4294967294,36
4294967294,39
4294967294,1413
4294967294,904
4294967279,249
4294967279,241
29,5
29,4
29,3
29,2
29,1
4294967279,242
4294967279,239
4294967278,351
4294967278,230
4294967279,233
4294967279,231
27,6
4294967294,1417
4294967294,393
4294967279,225
4294967278,228
4294967278,226
27,5
4294967279,223
4294967278,222
4294967279,221
27,4
4294967278,220
27,3
27,2
27,1
4294967278,218
4294967294,903
4294967294,185
4294967294,902
4294967279,217
4294967294,46
4294967294,1416
4294967294,2
4294967294,1
4294967279,215
4294967279,216
4294967278,215
4294967278,350
4294967278,0
26,5
4294967279,212
26,4
4294967279,211
26,3
26,2
26,1
4294967279,210
4294967278,209
4294967294,418
4294967279,205
4294967278,204
4294967279,204
4294967278,203
4294967279,201
4294967279,203
25,5
4294967278,202
25,4
4294967279,202
25,3
25,2
25,1
0,5
4294967279,539
4294967278,201
4294967294,469
4294967294,0
4294967278,199
4294967294,426
4294967294,29
4294967294,28
4294967294,920
4294967294,27
4294967279,197
4294967294,92
4294967294,90
4294967294,86
4294967278,198
4294967279,538
4294967279,88
4294967279,260
4294967278,197
24,5
4294967294,107
4294967279,196
4294967294,94
4294967294,96
4294967279,195
24,4
24,3
24,2
24,1
4294967278,349
4294967279,194
0,7
4294967279,193
4294967294,7
4294967294,17
4294967294,99
4294967294,41
4294967294,67
4294967294,93
4294967294,95
4294967294,52
4294967294,416
4294967294,946
4294967294,408
4294967294,1415
4294967294,398
4294967294,415
4294967294,26
4294967294,414
4294967294,912
4294967294,448
4294967294,467
4294967294,457
4294967294,410
4294967278,190
4294967294,25
4294967279,192
4294967279,537
